0
0.0841872463382052
0.10292349711771522
0.07156064255201366
0.09409845146069963
0.09559192072573304
0.09844308932261502
0.08703841493508717
0.07128910268564397
0.09681385012439674
0.07128910268564397
0.06775908442283772
0.07739874967896244
0.09246921226248138
0.06585830535824976
0.08092876794176869
0.07495489088163505
0.10468850624911834
0.09586346059210275
0.0966780801912119
0.0863595652691629
0.08377993653865064
0.07997837840947468
0.08744572473464172
0.10400965658319407
0.06898101382150142
0.08622379533597803
0.08717418486827201
0.09409845146069963
0.08500186593731433
0.07291834188386222
0.0851376358704992
0.08350839667228092
0.08079299800858382
0.0844587862045749
0.09396268152751479
0.0863595652691629
0.08785303453419628
0.09640654032484218
0.07699143987940789
0.07291834188386222
0.09287652206203593
0.08744572473464172
0.11147700290836111
0.07305411181704706
0.08065722807539898
0.10428119644956378
0.0733256516834168
0.061513667496334384
0.09654231025802702
0.10075117818675754
0.09192613252974195
0.08581648553642347
0.088124574400566
0.10319503698408493
0.09097574299744797
0.08540917573686889
0.09002535346515399
0.09219767239611167
0.0750906608148199
0.09341960179477536
0.08798880446738115
0.09654231025802702
0.09966501872127871
0.11351355190613392
0.09409845146069963
0.09627077039165731
0.07481912094845018
0.09097574299744797
0.09627077039165731
0.07278257195067736
0.07794182941170187
0.07889221894399585
0.09409845146069963
0.05744056950078873
0.09613500045847247
0.08350839667228092
0.0856807156032386
0.08988958353196912
0.09287652206203593
0.09790000958987559
0.09504884099299361
0.0841872463382052
0.08730995480145688
0.09097574299744797
0.08255800713998694
0.09002535346515399
0.08500186593731433
0.08133607774132325
0.08540917573686889
0.09803577952306043
0.09260498219566622
0.0844587862045749
0.08771726460101144
0.10740390491281544
0.07400450134934107
0.0836441666054658
0.10645351538052146
0.1060462055809669
0.0896180436655994
0.08785303453419628
0.08608802540279319
0.11500702117116733
0.08486609600412949
0.0987146291889847
0.097492699790321
0.09246921226248138
0.09627077039165731
0.08839611426693571
0.08187915747406267
0.09056843319789341
0.08486609600412949
0.09518461092617848
0.07807759934488671
0.0896180436655994
0.08866765413330542
0.09192613252974195
0.09844308932261502
0.09179036259655711
0.09464153119343906
0.0966780801912119
0.0856807156032386
0.1014300278526818
0.09219767239611167
0.09518461092617848
0.0942342213938845
0.08663110513553261
0.08717418486827201
0.08975381359878427
0.0896180436655994
0.08622379533597803
0.07753451961214729
0.0790279888771807
0.09532038085936333
0.09654231025802702
0.08595225546960832
0.06585830535824976
0.07373296148297136
0.09762846972350588
0.07997837840947468
0.09260498219566622
0.09504884099299361
0.11188431270791567
0.08391570647183548
0.09491307105980877
0.09002535346515399
0.10468850624911834
0.11025507350969742
0.09233344232929651
0.08255800713998694
0.06843793408876199
0.10930468397740344
0.08201492740724751
0.1045527363159335
0.09056843319789341
0.07862067907762614
0.08649533520234774
0.06572253542506488
0.10428119644956378
0.10699659511326089
0.0841872463382052
0.08839611426693571
0.07889221894399585
0.09857885925579986
0.08676687506871746
0.06640138509098917
0.08486609600412949
0.09790000958987559
0.08432301627139006
0.08500186593731433
0.10197310758542123
0.07753451961214729
0.06925255368787113
0.08717418486827201
0.10509581604867292
0.10713236504644573
0.09314806192840565
0.08866765413330542
0.09532038085936333
0.09396268152751479
0.09857885925579986
0.07943529867673528
0.09532038085936333
0.08921073386604485
0.09124728286381768
0.08608802540279319
0.09464153119343906
0.09192613252974195
0.09980078865446355
0.10373811671682436
0.08038568820902926
0.08092876794176869
0.0920619024629268
0.08106453787495353
0.08540917573686889
0.10577466571459719
0.088124574400566
0.0908399730642631
0.10631774544733662
0.09328383186159049
0.07834913921125643
0.09857885925579986
0.1045527363159335
0.08853188420012058
0.09016112339833883
0.09762846972350588
0.07916375881036557
0.08649533520234774
0.10971199377695799
0.10441696638274862
0.08934650379922969
0.09219767239611167
0.08581648553642347
0.08988958353196912
0.0875814946678266
0.10699659511326089
0.097492699790321
0.09776423965669072
0.10292349711771522
0.11202008264110051
0.08907496393286
0.09722115992395132
0.10645351538052146
0.09830731938943015
0.08323685680591121
0.10129425791949696
0.06911678375468627
0.10468850624911834
0.09043266326470854
0.09559192072573304
0.10238041738497582
0.08242223720680207
0.09382691159432992
0.10672505524689117
0.10020809845401811
0.09070420313107826
0.10713236504644573
0.08907496393286
0.10428119644956378
0.08798880446738115
0.09830731938943015
0.10591043564778203
0.10129425791949696
0.09640654032484218
0.08893919399967513
0.08500186593731433
0.09056843319789341
0.1045527363159335
0.09762846972350588
0.07767028954533216
0.09260498219566622
0.09980078865446355
0.11283470224020965
0.10400965658319407
0.0935553717279602
0.08703841493508717
0.10224464745179095
0.0966780801912119
0.07414027128252591
0.08486609600412949
0.08798880446738115
0.1006154082535727
0.10360234678363951
0.0969496200575816
0.10197310758542123
0.10170156771905152
0.0981715494562453
0.10889737417784885
0.11473548130479765
0.10238041738497582
0.0908399730642631
0.0856807156032386
0.09912193898853928
0.07373296148297136
0.10034386838720298
0.10102271805312725
0.11066238330925197
0.09179036259655711
0.08310108687272637
0.0969496200575816
0.08310108687272637
0.10984776371014283
0.11975896883263727
0.08092876794176869
0.1072681349796306
0.09952924878809384
0.11650049043620074
0.1351009712825259
0.08350839667228092
0.10509581604867292
0.10238041738497582
0.1026519572513455
0.1060462055809669
0.10482427618230321
0.11622895056983103
0.11324201203976424
0.0987146291889847
0.10020809845401811
0.08826034433375086
0.11473548130479765
0.11052661337606713
0.10618197551415175
0.08106453787495353
0.10496004611548805
0.10088694811994241
0.10821852451192458
0.11364932183931879
0.09179036259655711
0.09450576126025421
0.0915188227301874
0.12532553609321634
0.12328898709544352
0.10903314411103372
0.11419240157205822
0.11975896883263727
0.10156579778586668
0.10767544477918516
0.12396783676136779
0.11826549956760386
0.11432817150524306
0.11989473876582211
0.13089210335379542
0.10319503698408493
0.1033308069172698
0.1151427911043522
0.13224980268564396
0.11731511003530988
0.13469366148297135
0.12627592562551032
0.11161277284154596
0.12518976616003147
0.12899132428920745
0.14311139734043238
0.12899132428920745
0.1390382993448867
0.12532553609321634
0.13265711248519851
0.14012445881036556
0.13550828108208046
0.13632290068118963
0.1357798209484502
0.12668323542506488
0.169722304244664
0.1414821581422141
0.1640199670509001
0.15818185992395128
0.14772757506871748
0.14813488486827203
0.1596753291889847
0.160354178854909
0.15424453186159048
0.17949773943397357
0.16144033832038784
0.17488156170568853
0.18044812896626755
0.16347688731816068
0.16863614477918515
0.19701206081481992
0.19293896281927425
0.19280319288608938
0.2028501679417687
0.2154767717279602
0.21561254166114507
0.25036964455646804
0.23597803163887338
0.25905892028029875
0.25824430068118964
0.28580559711771525
0.2815967291889847
0.29395179310880654
0.31974808041392905
0.33957049065891787
0.38831189667228094
0.3857322679417687
0.41437972384377314
0.464207289322615
0.5145779345341963
0.5691574476745082
0.6722068269618132
0.8048540516834167
1.0166551474517909
1.306252414935087
1.7932591652691627
2.5241087156032385
3.8076776639328602
6.06349510379923
9.798390195781412
15.531004084645554
23.847727111817047
34.918407463710146
48.78812075814221
65.10210015970122
83.45629434722906
103.74955472050301
126.55903926549188
151.15824306972348
176.52454699644954
201.23752600469007
224.4167120777413
244.75002458130476
261.62880690491284
274.8921716777413
285.0827913227302
293.1807889875409
299.1507287196122
305.0385276421066
310.0658167280754
315.40415473097073
320.58486384143845
323.82827177529146
324.986932385091
322.71197138464555
317.1838270151578
307.95866736504644
295.18488897128253
279.3158276407703
260.95688150558095
239.47739922607093
215.43797485636046
189.09616395970122
160.4834651605921
130.0908225374295
99.1336485320843
68.47190990134933
38.736393754801455
10.79018955769678
-14.2836659329491
-36.19503236992014
-55.06216536502037
-70.50287255633441
-83.04719976301593
-92.96695839130099
-99.62009242715845
-103.50677830444131
-105.1813646603433
-104.91864983963062
-103.6288354743745
-101.21443875254822
-98.29810058773752
-95.11646797348362
-91.83151444007605
-88.60236234920745
-85.12380089107828
-81.76295196502038
-78.18242728706937
-74.32574656502037
-69.88036741268185
-63.8778428966462
-55.83944823250366
-45.27546127125645
-32.24032575611168
-18.149307470588298
-4.150884279496983
8.302069762151122
18.373211865937314
25.637717910926177
30.92256256014667
35.69596187105981
41.34860726927807
49.01689309555869
59.391752539879406
72.2939692904362
87.00762848954533
102.17041462762995
116.24038857350969
128.13274856103752
136.85189367016892
141.94150115546958
143.54114250825356
142.0237777349796
137.41438850335376
130.01832139310878
120.23202460914443
107.9971170801912
92.79455035168341
74.49751530602639
53.095150348565376
28.358004292217938
1.2854796151578043
-27.13076009063284
-55.527177386178494
-82.33739455232549
-105.57794863517627
-123.6033080445304
-135.07858279731437
-139.171503203105
-135.6789574418578
-125.13655789998697
-108.5111222717019
-87.60391026056602
-63.8106367797197
-38.86549118573306
-14.220668683951327
8.652763499567603
28.18489762740725
43.20254570691727
52.60407050023576
55.626444982863816
51.71912207573687
40.50085980647184
22.310539928298116
-2.3395776008778304
-32.433662140966916
-66.92031132938563
-104.0213463512119
-142.15531902470858
-179.76779938484222
-215.18759532404042
-246.93739419931882
-273.96945943628987
-295.40318724831656
-310.7517066549981
-319.80009385210275
-322.40701233918514
-319.1838341253767
-310.42124263762616
-297.27789848573303
-280.6904784387397
-261.5994608238177
-240.5974813993188
-218.44607372047696
-195.85477145811615
-173.4717402732609
-151.53199792025424
-130.17620204987563
-110.10628321669076
-91.29576628372861
-74.04891167125645
-58.85802115700255
-45.90909954943017
-35.15299813272638
-26.697654003773152
-20.13399235388451
-15.129648386623932
-11.200873830053776
-7.837988354998098
-4.804888047648431
-1.7096051109001023
1.525656626961813
5.150849612930633
9.163801528075398
13.492554307808138
18.065828737206804
22.642768954801458
27.056513712707915
31.582404435425065
35.604588706026405
39.57572348175023
43.194263740992994
46.37548904544734
49.049070569723504
51.071363724511926
52.45092201560324
53.00445603319789
52.68390322094845
51.3262038890999
48.91574449533598
45.4515746501244
40.969537615825956
35.55408229088164
29.45869114054756
22.92191193742952
16.09214121849856
9.338808971950677
2.8514500245119248
-3.0324115699201464
-8.059700655888966
-11.982772875265358
-14.538234557670703
-15.585563822258676
-15.124624899096093
-13.202122645198543
-9.875351972370035
-5.549586131167363
-0.39087174987560325
5.1446041960041295
10.864184171282526
16.397895108030855
21.53637976927807
26.05127312740725
29.92030891337607
33.11090234322017
35.582593976850454
37.53428676638275
38.984852732529745
40.096129635647785
41.00280124945625
41.684773623843775
42.31800459221794
42.9243531138215
43.498795701126625
44.03495116727362
44.76552917774132
45.736691509812594
47.08638041560324
48.94031885324244
51.35810982339834
54.453935839879406
58.26377593497963
62.57854441159433
67.5112018541333
72.77690294277473
78.07464573564778
83.34564185168341
88.19941696304198
92.45892707685044
96.00510196170568
98.76815587195067
100.62766087685044
101.7002433490108
101.91679639244065
101.32959143141615
99.94867544099299
97.96344747796404
95.11947468754087
91.6319524138215
87.54337664589276
82.84926697595958
77.7023645788549
72.22051775658319
66.59828482339833
60.84788507328698
55.36115053342061
50.295031246560924
45.74958965346515
41.80832426304199
38.71209093676137
36.36992381938943
34.854188285313704
34.059391096449566
33.86958472985714
34.430178783977404
35.567795054133306
37.105118007585425
38.9287797501244
40.95650370224021
42.85524621783041
44.71339352339834
46.32077376237384
47.47088086638275
48.14470704477919
48.202137726516376
47.63814942406649
46.397212234756914
44.38849607328698
41.67852820691727
38.32840510558097
34.31911897863219
29.923838931638873
25.182481324957358
20.126001703353797
14.909449330525288
9.526035709812593
4.305817548788093
-0.5525737402987658
-5.1466209694747125
-9.796333871256449
-14.205055141635068
-18.318476807336626
-22.08867208194687
-25.531390277715246
-28.541817006223038
-31.405069127158452
-33.842818277492526
-36.021654165243085
-37.757608530944644
-39.10349587860611
-39.84018353606714
-40.39616141245912
-40.01043903228095
-38.89536057103373
-36.85867580332771
-34.09100571535444
-30.537635024040412
-25.993279590410122
-20.41449303584442
-14.11503967593351
-7.074010940966916
0.6928438568059112
9.125107097117715
18.18829321693954
28.226578996895
38.68751657885491
49.368129912707914
60.297473764155576
70.93382609979031
81.23944287818675
91.30922728264109
101.01854251448964
110.07779130624911
118.64813256860991
126.59827677618229
133.46239728820902
139.22107900424464
143.49104340290833
146.4407809712825
147.8420624516834
147.7505535167168
146.01840070914443
142.90071573342058
138.39695550981256
132.62103101226245
125.44043078598185
116.86560911582595
107.06044031114888
95.96437098175022
83.9024343476745
71.23903690958987
57.81152628754088
44.14994830068119
30.44777510379923
16.674322691995222
3.3140181868727265
-9.655268910677385
-21.92873510065511
-33.56272490533217
-44.08068585922972
-53.45926553383997
-61.30961884052148
-67.7175523770471
-72.7019381641295
-76.02979499642349
-77.88196842493129
-78.53122024542127
-77.96913272203597
-76.28368477147917
-73.55253679553262
-69.92707226969743
-65.46349994631213
-60.30478556502037
-54.45296567481992
-48.15649925343907
-41.415522070811015
-34.2787755329491
-26.851888647871146
-19.115989394864464
-11.274596903773153
-3.3437320267130195
4.223812509144441
11.589467154356022
18.533148847229075
25.129531051015267
31.298237965269163
37.11204227417785
42.53428609578141
47.52478152985714
51.97111107172796
55.75854912785268
58.924160889990766
61.38933556682818
63.045321441883864
63.97032199667228
64.11464543564777
63.494991460592104
62.08189799600413
59.81426857195068
56.70934596994622
52.722733421839315
47.953407208921725
42.41467278464555
36.29443573653865
29.536894622062036
22.403135022730186
14.84862440045847
7.180610114044219
-0.45957133606713996
-7.7983435345081205
-14.490172001323264
-20.38231556167961
-25.269897386401215
-29.152781705554887
-31.964169712013685
-33.568427242525935
-33.98877095566625
-33.200490723594974
-31.197884209118364
-27.97864332337226
-23.666997555220814
-18.343322705109454
-12.113926630721929
-5.333711937403443
1.9555042354250645
9.448646847897225
17.03329839533598
24.378180240770277
31.317788835647782
37.64480349199522
43.121626826739096
47.60787272896627
50.947541545447336
52.978252436093214
53.668642546338205
52.981375144556466
50.88712392518008
47.49531945435602
42.870452450347116
37.10606839711772
30.374595109812592
22.85837160869901
14.825815051683415
6.297969778409474
-2.525582409341082
-11.509750428049323
-20.597510905777607
-29.56334998350589
-38.48031188528763
-47.15139443807159
-55.43132381334999
-63.28452828862839
-70.57388023139008
-77.33400097459722
-83.42518325700256
-88.85217902626759
-93.58118156902928
-97.5668437276039
-100.7689776017687
-103.17346311847248
-104.80636810488674
-105.58677368083329
-105.5482150198088
-104.68254592582215
-103.02588120110055
-100.6165079668021
-97.54104744029877
-93.74288355945244
-89.33769230733662
-84.37285739063284
-78.81199246724755
-72.84965585143463
-66.37275118885111
-59.55126243584442
-52.34758132092237
-44.974459329385624
-37.34839795232549
-29.69083795076647
-22.0229594342854
-14.510673261234178
-7.175159541189634
-0.14363470154598185
6.418805018943996
12.560901026293662
18.1367006423293
23.058768030079854
27.34040864299745
30.97795669288609
33.88302595324244
36.12825333832039
37.596062085981856
38.47259277462329
38.67679075413331
38.3209377592558
37.461106772396114
36.09919857261883
34.393385132084305
32.35086225725134
30.068705450347114
27.617650846560924
25.072779218943996
22.50048206482373
19.96362086326471
17.545015273509698
15.28010124811994
13.157745652574285
11.325530404244663
9.657461005135533
8.304649390881634
7.206949481082081
6.278961987763594
5.650075657251346
5.258515169946223
5.054724500235755
5.034087470391658
5.177460519834865
5.462170069723506
5.819109224066491
6.227776722952905
6.69604722250747
7.194594417162259
7.6621860670509
8.091762135647782
8.574695787986311
8.941953457251344
9.351028265937314
9.662891802462926
9.983716154578739
10.285125406249117
10.538472101572058
10.7711817670509
10.960309283977402
11.122282814266935
11.240402656137759
11.323086545447335
11.326209253910587
11.272987440102124
11.051818218943994
10.7801425826411
10.380028589545331
9.837220396672281
9.217973731416155
8.474090267496333
7.6403271078081385
6.697540691772504
5.658086083309252
4.565273891104352
3.4292868601466684
2.1895716002357553
0.9878719216166018
-0.263519552548209
-1.4528641672475409
-2.572151496423487
-3.6007445102319506
-4.495468369920147
-5.2521142075593445
-5.80089627749253
-6.14344381891792
-6.2122791750426405
-6.047726016022596
-5.636886198205225
-4.9413368304992105
-3.989725368806561
-2.787075300655113
-1.260478171924601
0.4115285552468912
2.303482574177849
4.323603410035309
6.498773509589876
8.744136664601012
11.026293471505243
13.347416249233527
15.621969939879406
17.856743040102128
19.946378081750233
21.965412758142214
23.85899601627139
25.553133242552015
27.08149538041393
28.402401060369385
29.45556843208431
30.288516972173394
30.924327569278073
31.307741860592103
31.44351179377696
31.383094173509697
31.125674380191214
30.69324714299745
30.05119112896627
29.239830008253573
28.29405665368787
27.18440898976805
25.937905233197895
24.571923935425065
23.05700302094845
21.452609720503016
19.729417728520833
17.88226778754088
15.936684645001902
13.91764996860992
11.804526728520832
9.625011991104351
7.457988087540878
5.225115766382748
2.994415764155577
0.7863893407702764
-1.4227232420805032
-3.5943633233722623
-5.671100221367809
-7.70466228061057
-9.609242903327718
-11.404392959897875
-13.090791299986961
-14.6539105407442
-16.110178844084956
-17.42049446925199
-18.58200624764843
-19.60326768506491
-20.476947205109454
-21.279483280165135
-21.934030128049322
-22.473579842525936
-22.93506184542126
-23.30028296568852
-23.606987244753107
-23.847707336289854
-24.080688541635066
-24.255017135844422
-24.408165620476936
-24.535517817804333
-24.67889086724754
-24.80814384363952
-24.89734468974197
-25.018315700209676
-25.12326585856157
-25.186127337626157
-25.201062030276493
-25.212330934730836
-25.15340678372861
-25.01030527415177
-24.827558944084956
-24.576656107559344
-24.238860513795423
-23.833994573038186
-23.37278411000923
-22.81015350689119
-22.186697973706337
-21.46195807036558
-20.70313991379542
-19.87928795922972
-18.97601059375088
-18.051145808895647
-17.100892046534845
-16.1008107186952
-15.142003450543754
-14.12033470332772
-13.12432647348362
-12.13999445789342
-11.180644110009233
-10.262024742080502
-9.342998064352217
-8.470268933839968
-7.648046218472485
-6.831933150098321
-6.067955736067139
-5.314025297091639
-4.6167109202542225
-3.9551040358444225
-3.289016743639523
-2.6909501879602358
-2.132935762570481
-1.59460797749253
-1.1342121340626856
-0.6850851950871845
-0.2838850425259373
0.06327867662773749
0.3572205819729491
0.6070372590330827
0.7797366140442186
0.9335639483426595
0.9870573020174925
0.9909946300798532
0.9426605338660449
0.8273918605921028
0.662024081972949
0.42225437996849474
0.15818185992395128
-0.16997406858384378
-0.5649288042185876
-0.9533665830604584
-1.3958407953099017
-1.852299310677385
-2.303327028717474
-2.7768925556662487
-3.2379672487620175
-3.72320898996469
-4.153871218027051
-4.587384614686293
-4.979080871924602
-5.352719728049323
-5.6795179572252685
-5.960018639185179
-6.2368535329491
-6.409824427826605
-6.589583819363353
-6.674032717804334
-6.729291080610569
-6.728069151211907
-6.697792456111683
-6.609134689741973
-6.514231506445759
-6.323746290187406
-6.144394208450214
-5.927569625154
-5.712374281056004
-5.430787439630613
-5.1468925093410824
-4.8346216630159145
-4.5080949737063385
-4.149119270365581
-3.7598668719246007
-3.3635544369580086
-2.9364222271584537
-2.478877552325492
-1.9690614532163606
-1.4498772287174742
-0.893763582392307
-0.30560823183551417
0.3098368752914346
0.9567806069172698
1.6349514231756215
2.282845544333751
3.0375906029083612
3.7735994107034614
4.538527214266935
5.331287854133306
6.164372164155576
7.003294581304798
7.821308428743551
8.650319640770276
9.495623244779184
10.34948035457874
11.184465443665598
12.029090198008584
12.876158811148894
13.665117892886089
14.477157863264708
15.223756725848228
15.954198966382748
16.630333233643327
17.278091584868275
17.90073249845402
18.482506662151124
19.017440198899454
19.476749882863817
19.91474368731816
20.297614898899454
20.613958843220168
20.87490865480146
21.06715888019121
21.186093341661145
21.230761649678964
21.208766920503017
21.120652233866046
20.948631728520834
20.68116496014667
20.382471107139988
19.951130029411704
19.440363540770278
18.857774757474065
18.187614367273618
17.415083447451792
16.57249524210658
15.663515539433973
14.661940742329296
13.573880497785867
12.449705451015264
11.275023989099898
10.027298303131078
8.782559555692325
7.45106382094845
6.1540536492335285
4.844688413598785
3.5005660750687175
2.1780311559150425
0.8989426153805214
-0.37620859709163884
-1.6077776610114607
-2.7737698472029972
-3.878665563461349
-4.921378650321037
-5.90272372738117
-6.783191744084958
-7.602563290855558
-8.359480668361126
-9.009682878383398
-9.602182866802107
-10.119737852102775
-10.523246093528165
-10.885072965465804
-11.154576282837741
-11.392309435844423
-11.538262114018142
-11.64782845009832
-11.685029411790971
-11.699149484842195
-11.640089563906784
-11.571525747648431
-11.478251803550437
-11.338951852102774
-11.163944408227497
-11.038900299764245
-10.844070445643977
-10.656843707782063
-10.519308765465803
-10.367246440298766
-10.20011365254821
-10.08294420020968
-9.973649403995871
-9.859466890187408
-9.806245076378945
-9.74487706657939
-9.723832726935736
-9.69735758996469
-9.712699592414578
-9.741482818249768
-9.781127638739745
-9.82769672582215
-9.896124772147319
-9.966317827603888
-10.03963359152371
-10.127884048093867
-10.174317365243086
-10.256458174819924
-10.321627742748655
-10.376207255888966
-10.424812891969145
-10.44205567348362
-10.455089587069367
-10.465951181724156
-10.445857231612797
-10.396029666133956
-10.339006294196317
-10.296646075042641
-10.232698436512575
-10.143633360343308
-10.016824242748655
-9.884041248093865
-9.759947529162908
-9.61820371891792
-9.4856922641295
-9.32208949464175
-9.22026204475311
-9.103364132280948
-8.991489707336628
-8.87241947593351
-8.788377887292084
-8.732304904886739
-8.689673145866694
-8.64704138684665
-8.667814186623932
-8.67949040087783
-8.752127315131728
-8.812409165465803
-8.96976651802705
-9.094539086623932
-9.20912891023195
-9.42160885566625
-9.585618934953555
-9.738767419586072
-9.968897456334401
-10.134672544753109
-10.301398022704111
-10.51971607526536
-10.641773245198543
-10.797229818695202
-10.885887585064912
-10.990158893750882
-11.056414621145091
-11.077187420922375
-11.07039892426313
-11.040665308895647
-10.958117189519255
-10.833887700655113
-10.670556471033732
-10.48930361023195
-10.247090049430168
-9.994965283505893
-9.714600371479166
-9.341776134953554
-8.98931738840567
-8.561913638739746
-8.110478610900103
-7.60120559152371
-7.092611421813242
-6.521291542971371
-5.9410108485393
-5.320678023817697
-4.681201638517029
-3.986195350543755
-3.304766055888966
-2.581112312013688
-1.8377719278266056
-1.0762383725927525
-0.2939320175816166
0.5046667294117019
1.3131766815275145
2.125080881972949
2.959794431193439
3.7829675360932162
4.591070178409474
5.404603618053127
6.230356351683417
7.034250126070944
7.785736706249118
8.559353785536423
9.284500998676736
10.002859715157804
10.688905187540877
11.338700087763595
11.94871439756315
12.53768436771905
13.060127070614374
13.562611593331523
14.008480053910587
14.414703693999675
14.780196354133304
15.077396737874952
15.349343914044217
15.54430953809767
15.703024589990767
15.802543951015265
15.856580384422838
15.861196562151122
15.841781461705688
15.744977499344886
15.64328581938943
15.4830772982313
15.273584291327069
15.035579598454017
14.770692458810364
14.440364211371612
14.100124758810365
13.70489848330925
13.252513065937313
12.801213808030855
12.32316787328698
11.835618043220164
11.313446880191211
10.800915382418383
10.263809526739095
9.704165862151122
9.120898229188985
8.544011783086534
7.9614229997903205
7.380734995558695
6.7946161939996745
6.232935980413929
5.657678773509698
5.117857519166712
4.5624227225074705
4.025724176627738
3.509798430525288
2.967261777518606
2.4689861227301875
1.9764128051355325
1.4698551844228376
1.0094593409929935
0.5372515133760671
0.09518461092617848
-0.36969164029876583
-0.7915288227041111
-1.1904208864012158
-1.619861185064913
-2.000424307782062
-2.4039325492074517
-2.744307771701884
-3.123513195087184
-3.4742069325036655
-3.825443749652886
-4.136899976378944
-4.4627478160225955
-4.802715728717473
-5.060271291969144
-5.354348967247541
-5.6253457538845115
-5.8909117431940885
-6.149553465911238
-6.390952407113911
-6.619181664797653
-6.825823503105001
-7.015629869697429
-7.223493637403443
-7.39537837281547
-7.559795761902329
-7.714437715799878
-7.862834252770925
-7.978102926044869
-8.103961654107229
-8.222760345643977
-8.324723565465804
-8.429402183951327
-8.518874569920147
-8.640524430053777
-8.702163979719701
-8.776294363238632
-8.841192391300993
-8.910570827158454
-8.975604625154
-9.047155379942419
-9.112868027603888
-9.184690322258676
-9.250946049652887
-9.316522927381172
-9.385494053439078
-9.43559315878429
-9.520585136958008
-9.583718155888967
-9.661107017804333
-9.738495879719702
-9.771759513349991
-9.868970785510347
-9.938756531167362
-10.002704169697429
-10.052124425376716
-10.117158223372263
-10.220614912459123
-10.289721808450214
-10.35339790711391
-10.432416008227497
-10.501115594419034
-10.570901340076048
-10.640687085733065
-10.696624298205224
-10.747402253216361
-10.79437865009832
-10.862535156557117
-10.899328808450214
-10.9353078407442
-10.958931809118365
-10.96327644698028
-10.96694223517627
-10.967621084842195
-10.938702089073821
-10.881271407336628
-10.87801292894019
-10.784738984842196
-10.72948062203596
-10.643402484396761
-10.564655923149544
-10.448572630276495
-10.334797426267585
-10.183142410900102
-10.031351625599434
-9.8469760563344
-9.663686646534845
-9.425138873929056
-9.205870431835514
-8.976419244753108
-8.710445945643977
-8.43619068061057
-8.136003358338854
-7.83635911579988
-7.495983893305446
-7.132935091969145
-6.759432005777608
-6.383756600655113
-5.976854110900101
-5.542797634508119
-5.131278967024823
-4.687718595309901
-4.241307054998098
-3.7582376327263827
-3.283993256111683
-2.7661667309446454
-2.2687056957553358
-1.7659496331718172
-1.2535539053321734
-0.7350485304992113
-0.23813057504264112
0.2886567657145972
0.8181595051355326
1.3291975336433275
1.8381990131533499
2.3658009735096974
2.8581027512379826
3.340493323843773
3.8280431539105884
4.28667398820903
4.731999369055355
5.167006234979631
5.576895663264709
5.97931774522462
6.338836528298117
6.694553753242436
7.022030832084308
7.341225945001902
7.634624770614375
7.89652497172796
8.122717680413928
8.352711947229073
8.538445215825956
8.700690285981857
8.835374059701234
8.967342434756914
9.038621649678962
9.092115003353795
9.151853773955132
9.184031248119942
9.199237480636645
9.168281935870498
9.146694516494106
9.0642821670509
9.01065304344288
8.888867413376067
8.752147090658918
8.6375572670509
8.489975349678963
8.338999183977403
8.137109293331523
7.961830309589875
7.761026578409474
7.525329974400567
7.330364350347114
7.098876614266935
6.847973777741323
6.600465189545332
6.38173982718453
6.075578627852682
5.807433009812593
5.537658152574286
5.2522697530197195
4.964573264601011
4.685294512039764
4.416605814266935
4.116282722062037
3.813923080859363
3.506947261928406
3.2229165617056887
2.936306232752459
2.63571160068119
2.3586051670509
2.048235099790321
1.7714002060264011
1.4974164808593633
1.2194954276299645
0.9354647274072475
0.6636533211711674
0.35884982117116737
0.0863595652691629
-0.16386442159052528
-0.43241734943016896
-0.6993410380715943
-0.9465780864012158
-1.2175748730381868
-1.471464648093866
-1.7048531632386323
-1.9552129200315054
-2.209374234953554
-2.440318891300993
-2.6572792445303914
-2.890124679942418
-3.1194400970916387
-3.3152203407442
-3.5255279672475406
-3.7320340356217057
-3.928628898873376
-4.13594958684665
-4.307698552325492
-4.477139428940191
-4.655948430944646
-4.849556355666248
-4.990485546312129
-5.159790652993642
-5.317283775488075
-5.452374859007007
-5.59004557125645
-5.735047859897875
-5.902859497314356
-6.032248243639522
-6.173041664352217
-6.303652340076049
-6.451098487514802
-6.57044025878429
-6.703630563238631
-6.821750405109455
-6.960099967024824
-7.038303448539301
-7.139452048762017
-7.278752000209678
-7.356955481724155
-7.443984008895647
-7.5325060053321735
-7.649811227603887
-7.742542091969144
-7.831742938071594
-7.9027506131272744
-7.987063741635069
-8.059293346089412
-8.147000722926828
-8.237016188628388
-8.290102232503665
-8.33775747905155
-8.385955805332173
-8.447595354998098
-8.494028672147317
-8.533130412904557
-8.580242579719702
-8.58553760711391
-8.58608068684665
-8.603730778160681
-8.612963133617251
-8.599657680165135
-8.575354862125046
-8.537746590632842
-8.51140722359498
-8.491584813349991
-8.415825190632841
-8.38527695566625
-8.325130875265359
-8.232128471033732
-8.164515044307674
-8.035805147648432
-7.950948939407898
-7.833236407336628
-7.679137533171817
-7.5348140941963155
-7.354104313127273
-7.201634678160682
-7.009520222704111
-6.823922724040413
-6.652173758561572
-6.4224510316127965
-6.239433161679612
-5.983371067692975
-5.771026892191861
-5.51482902827204
-5.2794039641295
-5.010036416690747
-4.766329386623932
-4.520857347425714
-4.236419337403442
-3.98076455321636
-3.722258600432396
-3.438906749875603
-3.199680127603888
-2.908046311122819
-2.6280887088956475
-2.3716193051094563
-2.0808001082274963
-1.808309852325492
-1.5434227126818394
-1.2796217325036656
-1.0211157797197012
-0.756907489741973
-0.48550339330544734
-0.23324285744798628
-0.003384360566026423
0.2558004418838622
0.5020871006811897
0.7271936499016796
0.9660129623738399
1.1670882334206105
1.372915452128851
1.5786069009039065
1.7671913380976705
1.9472222695007886
2.124402032307025
2.270354710480744
2.4380305779640405
2.604348746115488
2.7379463603693854
2.868964345892771
2.9804314610375373
3.073298095335978
3.195491035202348
3.2624256122624815
3.3280024899907663
3.405391351906134
3.4664878218393187
3.5061326423292964
3.5374954968949983
3.5512082601466686
3.562069854801457
3.575918387986312
3.584743433643328
3.5869157525742854
3.529077761037537
3.536952417162259
3.4986652960041296
3.4360753568059113
3.3580076452246197
3.3307178886544637
3.281297632975176
3.1911463973404324
3.121767961482971
3.02442091938943
2.9269381073627043
2.8441184481199424
2.7363171211711674
2.624985775959586
2.5165055993448866
2.410469281527515
2.305247583309252
2.196360096894998
2.0565170657145972
1.9584911739551314
1.844580200013038
1.7185857020174924
1.6148574730642629
1.470262494222392
1.358795379077626
1.2626702663827485
1.1541900897680493
1.0405506556923252
0.9339712581422142
0.8176164254027932
0.7087289389885393
0.5853140697235059
0.458640722062036
0.37799338175023195
0.23923651003530988
0.13985291894399587
0.06015596816448583
-0.07927975321636048
-0.18395837170188384
-0.3061513115682536
-0.4282084815014384
-0.5353309587842892
-0.6662131743744897
-0.756907489741973
-0.8762492610114607
-0.9820140389624629
-1.1092304663566723
-1.209021367247541
-1.324290040521483
-1.4467545202542225
-1.548446200209679
-1.6546182879602358
-1.7411037353989887
-1.8839337051094562
-1.9834530661339553
-2.0847374362898567
-2.179504849652886
-2.293823133394534
-2.3520684347308367
-2.451723565688521
-2.547169828717474
-2.5988981732609036
-2.681989372370035
-2.786939530721928
-2.9022082039958703
-2.971043560120592
-3.048975501768699
-3.1402128968689214
-3.2154294398533314
-3.295533700432396
-3.4097162142408592
-3.4534341327263824
-3.539376500432396
-3.6531517044413047
-3.709903536512574
-3.8096944374034427
-3.8911563973143557
-3.9552398057776075
-4.05204376813841
-4.118027955666248
-4.23492586813841
-4.287061522481393
-4.386716653439077
-4.452836610900102
-4.51936387816068
-4.595259270811015
-4.6653165563344
-4.7222041583388545
-4.791039514463577
-4.8340785832831745
-4.867070677047096
-4.9384856619023285
-4.934684103773153
-4.948261097091638
-5.004605619363353
-5.035968473929055
-5.066924018695202
-5.084031030276494
-5.116208504441305
-5.1479786688065605
-5.178119593973598
-5.175675735176272
-5.184365010900102
-5.18097076257048
-5.16752953918518
-5.184093471033732
-5.156803714463576
-5.141325942080503
-5.115801194641749
-5.109827317581617
-5.06380131023195
-5.019133002214133
-4.962381170142864
-4.9375352723700345
-4.855122922926828
-4.803666118249767
-4.76904478528763
-4.696136331167363
-4.65106071334999
-4.561181017581616
-4.477275198873375
-4.4001578768243785
-4.310549720922374
-4.236419337403442
-4.148576190632841
-4.045526811345536
-3.9673233298310593
-3.868482818472485
-3.764075739853331
-3.683564169474712
-3.546708076824378
-3.44637409620077
-3.322687687069367
-3.2435338160225964
-3.1345105596751575
-3.0671686728154692
-2.9430749538845116
-2.8230543329491
-2.7407777534390774
-2.648318428940191
-2.5543656351762714
-2.4521308754880753
-2.3471807171361823
-2.23693553139008
-2.1695936445303916
-2.0684450443076745
-1.949782122704111
-1.8874637233722626
-1.8114325607887436
-1.733093309341082
-1.6548898278266055
-1.568132840521483
-1.4934593772698126
-1.4119974173588996
-1.3430262913009932
-1.2712039966462048
-1.2098359868466502
-1.1481964371807258
-1.1109954754880755
-1.0695856458666946
-1.0154134425259373
-0.9661289567798349
-0.9168444710337323
-0.8766565708110152
-0.8417636979825075
-0.8120300826150242
-0.7676333144635765
-0.7650536857330642
-0.7102026327263827
-0.6998841178043337
-0.6882079035504362
-0.7153618901874073
-0.6632262358444229
-0.662140076378944
-0.6309129917464272
-0.6117694311673627
-0.6053882443076745
-0.5857016039958705
-0.564657264352218
-0.5399471365125743
-0.5506729612341779
-0.556103758561572
-0.5217539654658037
-0.5183597171361823
-0.5313936307219284
-0.5172735576707035
-0.5408975260448683
-0.5452421639067836
-0.5311220908555587
-0.5395398267130197
-0.5346521091183649
-0.5260986033277191
-0.5467356331718171
-0.5470071730381868
-0.5536598997642447
-0.5521664304992112
-0.5426625351762714
-0.5389967469802803
-0.5559679886283871
-0.5347878790515498
-0.5346521091183649
-0.5164589380715943
-0.5464640933054473
-0.5414406057776077
-0.5569183781606811
-0.5417121456439774
-0.5377748175816166
-0.531800940521483
-0.5248766739290553
-0.527048992860013
-0.49853730689119347
-0.5106208309446455
-0.5089915917464273
-0.4834668443076745
-0.4800725959780531
-0.4757279581161378
-0.47667834764843175
-0.4944642088956478
-0.4982657670248237
-0.4693467712564495
-0.4730125594524407
-0.5013884754880754
-0.4954145984279418
-0.4857749331718171
-0.4921561200315052
-0.4993519264903026
-0.4939211291629083
-0.5036965643522179
-0.5047827238176967
-0.49324227949698407
-0.5096704414123515
-0.5312578607887435
-0.5375032777152469
-0.5508087311673627
-0.5548818291629084
-0.5828504353989885
-0.6100044220359596
-0.6322706910782758
-0.6679781835058928
-0.6533150307219284
-0.6815551768243783
-0.730568122704111
-0.7753722006551133
-0.8015757977597903
-0.8290013242631311
-0.8761134910782759
-0.9448130772698126
-0.9767190115682535
-1.0451470578934208
-1.0678206367352916
-1.1271520975370732
-1.1996532418577859
-1.2448646296083428
-1.311120357002552
-1.3800914830604585
-1.4386083242631311
-1.5183052750426411
-1.5971876062230421
-1.6783780262675856
-1.7295632910782759
-1.793239389741973
-1.8828475456439775
-1.9629518062230422
-2.0110143625704806
-2.105374466133955
-2.153437022481394
-2.2305543445303915
-2.2783453610114606
-2.3784078017686987
-2.4396400416350685
-2.5417390313900796
-2.5933316060003246
-2.6397649231495453
-2.707242579942418
-2.7633155623477634
-2.8354093968689216
-2.8952839374034425
-2.95420808840567
-3.034719658784289
-3.093779579719701
-3.147272933394534
-3.210134412459122
-3.27299589152371
-3.3306981131272733
-3.3702071636840665
-3.414468161902329
-3.457099920922374
-3.5199613999869617
-3.5423634389624628
-3.5955852527709258
-3.6221961596751577
-3.664827918695202
-3.693068064797652
-3.7142481743744895
-3.7480548877375184
-3.7735796351762714
-3.8126813759335096
-3.8268014489847344
-3.8471669389624625
-3.8631877910782757
-3.8782582536617944
-3.891020627381171
-3.9052764703655805
-3.921297322481394
-3.9075845592297234
-3.937997024263131
-3.934467006000325
-3.9466862999869616
-3.932430457002552
-3.917224224485848
-3.925641960343309
-3.9063626298310594
-3.920754242748654
-3.932023147202997
-3.9062268598978744
-3.8933287162453136
-3.874320925599434
-3.839156512904556
-3.8200129523254915
-3.8471669389624625
-3.8132244556662487
-3.768827687514801
-3.7704569267130195
-3.740859081278721
-3.719543201768699
-3.7063735182497677
-3.6488070665793892
-3.6200238407442
-3.6118776447531085
-3.5761701523254916
-3.557026591746427
-3.5286506757107925
-3.4885985454212602
-3.476379251434623
-3.4451521668021066
-3.4109381436395227
-3.3613821180270507
-3.3330062019914157
-3.2921394521027745
-3.2491003832831753
-3.2142075104546675
-3.1729334507664717
-3.120933566356672
-3.070427151211906
-3.021414205332173
-2.98244823450812
-2.919450985510347
-2.8895816002096786
-2.8336443877375186
-2.7672528904101243
-2.7204122634613492
-2.6439737910782757
-2.6272740892965385
-2.540381332058231
-2.492726085510347
-2.4386896521027746
-2.3898124761562265
-2.336997972147318
-2.281875379274267
-2.1964760913009926
-2.151400473483621
-2.0964136505437545
-2.0343667910782757
-1.9735418610114606
-1.8878710331718171
-1.8445604244858482
-1.7849574238176968
-1.706889712236405
-1.6715895296083427
-1.5973233761562269
-1.5229214527709263
-1.4748588964234874
-1.3914961574479865
-1.329992377715247
-1.283966370365581
-1.1923216654658038
-1.1390998516573405
-1.0653767779379641
-0.997899121145091
-0.9226825781606812
-0.8371475202542223
-0.7721137222586767
-0.7244584757107926
-0.628333363015915
-0.5718530708110152
-0.4755921881829529
-0.4423285545526634
-0.3684697109001021
-0.3023497534390776
-0.24763447036558095
-0.18640223049921123
-0.12883577882883263
-0.05592732470856539
-0.014924804886739113
0.0190176784094747
0.08106453787495353
0.12831247462328316
0.15044297373241455
0.18343506749633437
0.2304114643782943
0.2752155423292965
0.29639565190613393
0.32667234700635667
0.3493459258482275
0.36455215836493127
0.3756852928860894
0.3756852928860894
0.3899411358704992
0.39075575546960833
0.4195389813047976
0.40433274878809383
0.3720195046900983
0.38831189667228094
0.36455215836493127
0.34975323564778205
0.3464947572513455
0.33549739266337225
0.3095653354250649
0.29286563364332774
0.24086574923352816
0.2233514278526818
0.1705369238437731
0.14555525613775977
0.08160761760769296
0.02580617506871745
-0.011666326490302595
-0.07520665522081484
-0.09068442760388833
-0.18857454943016894
-0.22781206012059207
-0.288908530053777
-0.3559788770470954
-0.43635467749252976
-0.4997592362898571
-0.5866519935281644
-0.6816909467575631
-0.7593513485393003
-0.8321240327263827
-0.9005520790515497
-0.9908390846194784
-1.094567313572708
-1.161094580833287
-1.2559977641295008
-1.3352874051094563
-1.4291044289401913
-1.506085981056004
-1.619725415131728
-1.712727819363354
-1.7869939728154696
-1.9106803819468727
-2.008706273706338
-2.101572908004779
-2.1974264808332866
-2.2558075521027745
-2.36333733918518
-2.467337108004779
-2.55545179464175
-2.6700416182497677
-2.750417418695202
-2.8307932191406366
-2.9217590743744895
-2.993174059229723
-3.073278319808788
-3.1335601701428635
-3.228870663238632
-3.297298709563799
-3.3864995556662487
-3.4655176567798347
-3.496065891746427
-3.581600949652886
-3.649893226044868
-3.717506652770926
-3.7581018627931977
-3.813767535398988
-3.8851825202542223
-3.92509888061057
-3.9969211752653577
-4.012398947648432
-4.072137718249769
-4.1313334091183656
-4.156043536958009
-4.219719635621706
-4.247280932058231
-4.287197292414579
-4.31326511958607
-4.381964705777607
-4.41196986101146
-4.440345777047096
-4.482705996200769
-4.514476160566026
-4.53918628840567
-4.521128887292084
-4.53389126101146
-4.55792253918518
-4.537421279274266
-4.5590086986506595
-4.566068735176271
-4.570413373038187
-4.564982575710792
-4.548825953661794
-4.558872928717474
-4.54841864386224
-4.496011449652887
-4.486779094196315
-4.447541583505892
-4.427854943194088
-4.388888972370035
-4.3497872316127975
-4.336889087960236
-4.2962938779379645
-4.223928503550436
-4.187134851657341
-4.119657194864468
-4.098748625154
-4.02407516190233
-3.976691455220815
-3.920754242748654
-3.8678039688065606
-3.7819973710337322
-3.7327128852876297
-3.681527620476939
-3.5966714122364047
-3.550645404886739
-3.4796377298310595
-3.427773615354445
-3.3325988921918612
-3.28670865477538
-3.181079646757563
-3.0906568712564493
-3.0123176198087878
-2.9385945460894116
-2.863242233171817
-2.7942711071139104
-2.704527181278721
-2.6232009913009926
-2.505216919363354
-2.441269280833287
-2.3618438699201465
-2.247932895978053
-2.187107965911238
-2.07727008996469
-1.999609688182953
-1.9121738512119062
-1.813740649652886
-1.7434118242631311
-1.6467436318355142
-1.5627020431940888
-1.4751304362898572
-1.3790053235949797
-1.3060968694747124
-1.2020971006551133
-1.1297317262675854
-1.0258677273811712
-0.9414188289401911
-0.9005520790515497
-0.8113512329490998
-0.74088663762616
-0.653586570588298
-0.5966989685838437
-0.5098062113455364
-0.4392058460894117
-0.38720596167961213
-0.3079163206996567
-0.26012530421858765
-0.19142571802705088
-0.11498724564397743
-0.06719622916290836
-0.030809887069367173
0.034359680859363334
0.06409329622684663
0.1372732902134836
0.15342991226248137
0.2146621521288511
0.222265268387203
0.28349750825357267
0.31676114188386223
0.3053564674963344
0.33060967506871747
0.33576893252974194
0.3674033269618132
0.39157037506871745
0.3745991334206106
0.36550254789722525
0.3887192064718355
0.3557271127079157
0.3359047024629268
0.34730937685045465
0.32395694834265953
0.3083434060264012
0.29639565190613393
0.24779001582595578
0.2161556213938845
0.18506430669455265
0.1761034911043522
0.12899132428920745
0.056082870168940174
0.036124689990766456
-0.010715936958008598
-0.07004739775979034
-0.10168179219186162
-0.1644075013232647
-0.23012014898473465
-0.2981408855103471
-0.3509553895192558
-0.41055839018740725
-0.4616078850649128
-0.5330228699201467
-0.6017224561116834
-0.6788397781606812
-0.7487612937508816
-0.8368759803878527
-0.9291995349535541
-1.0095753353989887
-1.0864211175816167
-1.1661180683611267
-1.2637366503210377
-1.3484570886283873
-1.4257101806105699
-1.5107021587842893
-1.578587125376717
-1.6672448917464273
-1.740696425599434
-1.811975640521483
-1.9112234616796122
-1.9678395238176967
-2.0478080144635764
-2.12872689464175
-2.234898982392307
-2.314460163238632
-2.417781082392307
-2.4807783313900797
-2.5903446674702577
-2.648182659007006
-2.708192969474712
-2.7741771570025517
-2.834730547202997
-2.91646404698028
-2.998876396423487
-3.061194795755336
-3.128536682615024
-3.1973720387397457
-3.2529019414123512
-3.3167138100092335
-3.359888648762017
-3.423972057225269
-3.4591364699201463
-3.519554090187407
-3.5744051431940886
-3.625183098205224
-3.6741960440849573
-3.7290470970916387
-3.750634516468031
-3.807522118472485
-3.8597935427486543
-3.9043260808332865
-3.9457359104546676
-3.9701744984279412
-4.034529446757563
-4.061276123594979
-4.105672891746426
-4.12644569152371
-4.165954742080503
-4.167855521145091
-4.199761455443532
-4.1883567810560045
-4.21089458996469
-4.20505648283774
-4.235061638071594
-4.1993541456439765
-4.1974533665793885
-4.203563013572708
-4.172200159007007
-4.1928371888511045
-4.144638862570481
-4.135270737180726
-4.119249885064912
-4.10241441334999
-4.066571150989189
-4.045662581278721
-3.9977357948644667
-3.971396427826605
-3.939626263461349
-3.938947413795425
-3.884503670588298
-3.8482530984279415
-3.811052136735291
-3.7433029400760485
-3.743574479942418
-3.6820707002096786
-3.617987291746427
-3.589882915577162
-3.5199613999869617
-3.4637526476484317
-3.4110739135727077
-3.360974808227496
-3.3061237552208147
-3.253852330944645
-3.179178867692975
-3.0948657391851797
-3.0416439253767167
-2.9666989222586766
-2.908996700655113
-2.8503440895192558
-2.7669813505437544
-2.7190545641295008
-2.6423445518800572
-2.5766319042185875
-2.5128200356217056
-2.4074625674702577
-2.351661124931282
-2.280517679942418
-2.1816771685838434
-2.1332073024368503
-2.036810649875603
-1.9877977039958707
-1.927515853661795
-1.8096675516573404
-1.7947328590070064
-1.7284771316127971
-1.621626194196316
-1.5603939543299463
-1.5158614162453137
-1.4600599737063382
-1.395705025376717
-1.300937612013688
-1.2653658895192559
-1.2008751712564496
-1.13964293139008
-1.0975542521027748
-1.0501705454212604
-0.9741393828377413
-0.9552673621250464
-0.8801865890738215
-0.8476018051094563
-0.797231159897875
-0.7452312754880753
-0.7164480496528861
-0.6613254567798349
-0.6440826752653582
-0.6026728456439774
-0.5707669113455364
-0.5559679886283871
-0.5203962661339551
-0.5141508492074518
-0.47545641824976803
-0.4476235819468727
-0.45386899887337606
-0.44422933361725137
-0.43377504876201745
-0.4157176476484318
-0.4125949391851801
-0.4322815794969841
-0.41788996657938937
-0.43676198729208426
-0.4378481467575631
-0.4299734906328415
-0.4533259191406367
